-------------------------------------WITH COULOMB TERMS-----------------------------------------------------------

Fuld D coords: [ 4.56753362 -3.93766145 -2.25503099 -3.65879544  9.08204739 34.03505057
  4.09994492  3.99518417]

Full eigenvectors: [[ 7.41758361e-01]
 [-8.25257914e-04]
 [-9.03103294e-03]
 [ 4.84114739e-06]
 [ 9.82681550e-06]]

N Matrix: [[1.00000000e+00 0.00000000e+00 0.00000000e+00 0.00000000e+00 0.00000000e+00]
 	   [0.00000000e+00 8.80584622e+03 5.91225439e+03 0.00000000e+00 0.00000000e+00]
 	   [0.00000000e+00 5.91225439e+03 4.19328331e+03 0.00000000e+00 0.00000000e+00]
 	   [0.00000000e+00 0.00000000e+00 0.00000000e+00 3.16315184e+05 1.49361417e+06]
 	   [0.00000000e+00 0.00000000e+00 0.00000000e+00 1.49361417e+06 1.39988835e+08]] 

H Matrix: [[0.00000000e+00 6.11950252e+04 4.35565164e+04 0.00000000e+00 0.00000000e+00]
 	   [6.11950252e+04 1.55180562e+06 1.07580561e+06 1.61787731e+06 1.79402694e+08]
 	   [4.35565164e+04 1.07580561e+06 7.95389888e+05 1.38980440e+06 1.24866955e+08]
 	   [0.00000000e+00 1.61787731e+06 1.38980440e+06 1.38231557e+08 3.61763318e+08]
 	   [0.00000000e+00 1.79402694e+08 1.24866955e+08 3.61763318e+08 4.58503028e+10]]

Parameters for wavefunction: [] Minor error here

Eigenvectors for wavefunction: [[ 0.74175836]
 [-0.00082526]
 [-0.00903103]] 

Checking the energy of the wavefunction: -598.391654401015

-------------------------------------------------WITHOUT COULOMB--------------------------------------------------

Fuld D coords: [ 4.01326437 -1.57837692 -2.11747003 14.06335477  5.68504875 78.82582403
  4.05653439  3.95783557]

Full eigenvectors: [[ 7.41753669e-01]
 [-9.69554442e-03]
 [-7.81533041e-04]
 [ 2.58695478e-06]
 [ 9.94980953e-06]]
N Matrix: [[1.00000000e+00 0.00000000e+00 0.00000000e+00 0.00000000e+00 0.00000000e+00]
 	   [0.00000000e+00 4.61159521e+03 1.71332434e+02 0.00000000e+00 0.00000000e+00]
 	   [0.00000000e+00 1.71332434e+02 4.33926264e+01 0.00000000e+00 0.00000000e+00]
 	   [0.00000000e+00 0.00000000e+00 0.00000000e+00 8.54202455e+05 1.76523694e+06]
 	   [0.00000000e+00 0.00000000e+00 0.00000000e+00 1.76523694e+06 1.37127345e+08]] 

H Matrix: [[0.00000000e+00 4.56359292e+04 1.78766509e+03 0.00000000e+00 0.00000000e+00]
 	   [4.56359292e+04 8.65716210e+05 3.84916182e+04 1.69929703e+06 1.29815342e+08]
 	   [1.78766509e+03 3.84916182e+04 2.01100844e+04 1.95660873e+05 6.93174149e+06]
 	   [0.00000000e+00 1.69929703e+06 1.95660873e+05 3.67523963e+08 3.88982964e+08]
 	   [0.00000000e+00 1.29815342e+08 6.93174149e+06 3.88982964e+08 4.50244235e+10]]

Parameters for wavefunction: [array([[ 0.23203036, -0.01294231],
       [-0.01294231,  0.03599698]]), array([[ 0.03131315, -0.00153435],
       [-0.00153435,  0.12460883]])]

Eigenvectors for wavefunction: [[ 0.74175367]
 [-0.00969554]
 [-0.00078153]]

Checking the energy of the wavefunction: -598.3958239107609